rectangle 0,0,64,64,17,17,27,255
circle 32,32,25,24,24,37,255
circle 32,32,20,30,30,46,255
circle 32,32,15,49,50,68,255
rectangle 20,31,24,3,235,160,172,255
rectangle 22,34,20,3,235,160,172,255
rectangle 24,37,16,3,235,160,172,255
rectangle 21,22,22,10,245,194,231,255
rectangle 19,25,26,5,245,194,231,255
rectangle 25,18,14,6,242,205,205,255
rectangle 23,20,18,2,242,205,205,255
rectangle 25,28,14,5,203,166,247,255
rectangle 26,25,12,3,203,166,247,255
rectangle 27,34,10,11,243,139,168,255
rectangle 26,34,12,3,243,139,168,255
line 18,30,29,46,242,205,205,255
line 36,44,45,30,242,205,205,255
line 28,44,36,44,242,205,205,255
line 18,30,25,33,242,205,205,255
line 45,30,38,33,242,205,205,255
line 25,33,38,33,242,205,205,255
line 25,33,28,45,242,205,205,255
line 39,33,36,44,242,205,205,255
line 19,27,18,29,245,224,220,255
line 46,27,46,30,245,224,220,255
line 25,31,27,24,245,224,220,255
line 39,32,37,24,245,224,220,255
line 18,28,22,21,245,224,220,255
line 45,27,42,21,245,224,220,255
line 21,21,26,24,245,224,220,255
line 42,21,37,24,245,224,220,255
line 26,24,37,24,245,224,220,255
line 21,21,26,18,245,224,220,255
line 42,21,37,18,245,224,220,255
line 27,17,36,17,245,224,220,255
rectangle 28,45,1,1,49,50,68,255
rectangle 20,20,5,3,180,190,254,255
rectangle 21,19,3,5,180,190,254,255
rectangle 21,20,3,3,205,214,244,255
line 23,14,22,28,180,190,254,255
line 18,21,26,21,180,190,254,255
line 23,16,22,26,205,214,244,255
line 19,21,25,21,205,214,244,255
line 23,19,22,23,245,224,220,255
line 21,21,23,21,245,224,220,255
line 41,34,40,40,180,190,254,255
line 38,37,42,37,180,190,254,255
line 41,36,40,38,205,214,244,255
line 39,37,41,37,205,214,244,255
line 41,37,41,37,245,224,220,255
exit
